run results (4 core(s) (mac):
sklearn: 0.695
xgboost: 0.796

run results (1 core(s)): 
sklearn: 0.695
xgboost: 0.7580000000000001
lightgbm: 0.8140000000000001

run results (1 core(s)): 
sklearn: 0.695
xgboost: 0.7580000000000001
lightgbm: 0.8140000000000001

run results (8 core(s)): 
sklearn: 0.695
xgboost: 0.7580000000000001
lightgbm: 0.8140000000000001
